128 14404 1538.42
128 78807 12253.22
126 129123 10011.68
128 181207 9019.61
115 198612 7751.67
112 227109 7093.55
120 277999 6721.90
116 303128 6169.56
105 306290 5651.73
100 321628 5174.41
84 295503 4650.43
79 301630 4502.95
91 356755 4536.24
77 333860 3998.93
97 418609 4415.73
72 348355 3617.37
78 383732 3819.59
52 287248 2945.52
75 406393 3433.97
81 446896 3543.03
72 419436 3184.69
71 427835 3097.01
29 206836 2209.38
73 454284 3096.68
70 449606 2933.90
50 362733 2352.20
26 221699 1782.56
60 439702 2634.23
59 449472 2568.09
48 396331 2330.94
57 441673 2453.75
70 562038 2462.48
70 576038 2406.48
57 512975 2199.59
55 506247 2089.07
69 602305 2281.14
68 595554 2282.63
52 510916 1934.07
67 618403 2145.82
65 601593 2303.37
42 439117 1828.60
44 453655 1915.48
44 451413 1925.94
59 587204 2077.32
36 410752 1554.15
36 417952 1528.68
55 581467 1916.44
56 601154 1904.26
54 590552 1826.08
24 300965 1361.06
51 569135 1736.78
49 559997 1786.78
49 569797 1833.26
18 245855 1064.79
26 343559 1337.32
28 370949 1410.33
16 233453 1128.05
15 225152 1063.27
35 448095 1405.68
43 557497 1569.46
43 596732 1513.51
28 376520 1420.03
37 510594 1386.57
36 504547 1323.31
41 596350 1406.80
23 332256 1163.09
29 424752 1375.10
22 320682 1230.88
43 635559 465.08
43 651742 1229.01
42 640751 1212.72
41 631124 1172.13
41 627155 1346.32
41 629695 1047.52
33 525396 1323.27
40 625454 1306.48
29 471357 1248.40
27 445805 1165.06
40 620132 1130.20
23 391793 1041.02
23 396393 1020.19
21 366449 978.34
39 637666 1088.55
14 252355 977.37
7 130084 662.20
4 77255 483.40
3 60454 388.98
33 563241 1148.83
32 551945 1250.66
29 504572 1193.74
27 476784 1156.43
26 463543 1087.31
23 416207 986.45
20 366139 897.93
20 370139 888.71
19 355700 857.21
18 342552 835.21
16 309785 952.15
16 314585 943.17
15 300769 895.68
13 263273 819.51
11 225941 728.40
10 209724 684.52
6 126992 620.22
2 42575 288.61
2 43975 287.09
1 23141 161.24
1 23941 160.37
1 24741 160.10
1 25141 159.47
128 14361 150.27
123 75491 12031.83
125 127001 10177.22
120 170001 8659.38
101 183458 7200.97
107 226337 6954.30
106 256069 6367.82
84 236858 5327.45
107 311748 5707.07
85 282215 4791.55
77 278701 4672.82
95 352862 4829.67
71 306737 3892.32
86 362735 4220.05
87 384162 4074.85
66 337760 3588.45
82 403335 3658.75
44 251805 2846.75
44 265354 2749.20
41 259585 2534.13
68 395796 3079.70
68 422900 2945.38
63 398296 3041.16
34 256285 1989.13
72 476325 2914.04
72 490725 2853.24
16 143055 1542.97
16 122032 1695.70
57 424701 1837.34
68 531869 2450.78
65 521769 2504.63
62 510469 2493.89
60 506269 2382.03
40 386032 1897.73
45 411635 2118.96
44 411335 2054.29
38 393850 1762.76
41 403935 1882.33
32 322761 1794.51
55 544936 1994.15
33 372304 1560.40
34 365654 1571.51
30 353721 1575.37
30 362721 1545.48
42 457019 1785.99
26 308534 1453.82
21 259559 1221.00
35 442331 497.52
44 519319 1735.45
42 503927 1639.19
39 475586 1584.02
39 483386 1542.06
35 441144 1442.60
34 435744 1402.55
33 429944 1534.87
54 641753 1714.14
51 615492 1665.03
22 304748 1173.06
48 591608 1673.10
24 363277 1201.42
18 263982 960.13
48 615911 1494.02
14 214408 1030.36
15 241204 1043.01
1 16210 361.67
46 621870 1079.70
28 444591 1235.62
27 434764 1193.96
45 619928 1512.37
44 632216 987.96
21 349475 1010.02
20 336975 956.41
41 607707 1399.15
40 599729 1227.94
17 296529 875.40
15 264363 992.25
13 233679 887.54
12 219875 834.01
11 206569 769.72
25 399915 1147.77
9 175732 644.53
8 159923 721.24
6 122967 524.92
6 125967 502.57
4 86032 460.27
17 295649 847.08
1 22833 165.65
16 286449 970.97
14 255249 928.04
13 242342 868.44
11 208842 767.79
7 136723 611.97
6 119966 514.17
4 80658 482.71
1 20938 163.60
1 21738 162.35
1 22238 162.19
128 14348 249.07
128 78920 12118.40
127 128527 10380.50
126 178453 8908.84
124 212853 8010.08
111 234648 7050.74
109 263148 6487.00
99 268730 5912.54
123 345820 6057.95
105 337498 5290.68
118 387664 5388.32
86 328151 4437.24
98 383623 4689.18
104 417420 4576.20
98 423399 4337.62
92 406124 4203.77
77 379328 3743.53
89 437523 3803.77
87 445024 1723.62
73 409979 3299.42
61 361010 3124.20
82 468724 3344.48
64 404379 3044.76
88 511927 3365.58
54 363639 2667.96
84 513806 3128.24
73 490449 2878.51
52 385979 2378.12
69 477462 1154.49
74 526966 2791.17
66 489597 2524.53
63 486344 2628.67
61 483144 2554.05
52 412078 2312.11
36 329055 1848.00
40 365095 1952.03
34 324095 1711.00
45 397163 2191.97
36 364312 1671.03
54 486910 2149.28
52 474110 2077.74
30 310095 1753.58
46 424463 2141.94
32 323969 1856.51
37 379285 863.65
40 398007 1616.24
66 643645 2188.00
64 637045 2161.36
54 570530 1876.60
31 351894 1680.13
61 637845 2043.20
23 287678 1315.98
25 296202 1431.75
29 350786 803.30
9 116610 931.36
34 447731 1329.73
57 646607 1819.74
31 405058 1504.57
55 638770 1607.29
27 366768 1391.36
27 372168 1344.72
54 650382 1548.08
17 256164 890.74
52 639253 1509.99
15 223111 1048.60
47 636299 1393.09
52 643359 1651.01
46 636998 1551.82
51 640113 1447.00
45 639381 1311.94
50 641275 1569.73
43 626279 1460.97
50 656275 1530.64
39 582298 1356.46
37 559249 1281.10
45 610733 1566.23
33 509963 1203.29
31 485327 1322.98
46 648575 1170.90
21 337704 1044.10
19 308653 954.48
16 264613 1013.80
13 220576 920.74
12 207355 859.70
9 157873 659.53
42 641790 1178.30
4 73810 528.46
1 19243 164.77
33 513555 1332.00
32 503663 1312.59
28 443394 1256.86
25 399451 1144.14
24 388356 1107.65
22 363837 1054.44
20 338204 995.87
18 309279 902.87
16 280611 976.36
14 247576 905.74
14 251776 900.13
13 239317 889.05
10 186177 731.75
9 172725 657.27
8 155093 645.51
6 116750 569.74
6 119150 526.57
5 102423 453.36
2 43496 285.93
1 24411 160.29
1 25211 159.23
1 26011 158.86
1 26511 158.65
128 14266 46.52
128 78663 12192.46
126 127863 10199.55
122 172663 8676.41
121 207563 7906.39
117 235863 7138.83
114 264063 6689.66
93 252687 5860.90
103 300292 5564.57
114 354961 5705.73
93 317711 5060.43
106 383161 4978.43
67 276144 3892.84
87 366757 4175.87
93 401525 4281.53
54 271292 3240.04
93 438572 4062.69
52 292492 2906.08
83 432973 3515.33
63 379008 3147.92
70 407264 3120.55
73 439305 3114.32
72 440573 3106.36
39 285772 2242.58
39 297472 2181.81
57 422808 2546.85
63 436022 2853.03
60 433290 2689.45
34 296872 1808.00
55 430264 2376.87
58 459505 2431.75
56 449322 2393.84
26 258305 1716.40
64 520025 2537.54
60 499420 2423.89
60 511420 2359.22
46 433410 2079.60
41 386331 1978.48
37 356307 1790.14
15 185121 1269.97
11 141084 1117.20
41 461654 727.51
4 40891 916.72
39 422578 1694.03
54 547995 1909.88
22 255405 1319.53
21 250205 1247.27
20 244405 1215.05
49 531156 1944.67
47 518464 1895.43
25 315613 1330.36
47 538388 1595.46
53 618386 1001.88
39 489654 1016.66
54 646576 1701.54
32 426094 1463.53
52 637731 1624.15
39 534473 1412.68
51 640931 1575.17
16 234201 1043.96
50 641088 1381.89
50 646088 1521.57
49 630314 1456.97
48 635114 1644.88
44 645922 1131.91
47 641683 1596.71
41 613267 1365.55
47 655783 1559.76
46 651183 1528.34
33 512151 1239.10
45 650112 1310.24
27 426974 1206.33
23 368731 1124.92
44 657031 1433.88
19 312223 957.89
42 636729 1214.58
14 240724 960.16
11 194631 836.28
42 646578 1163.95
10 184187 710.29
8 150787 687.88
4 77916 490.31
41 646082 822.10
1 20621 163.74
1 21521 164.64
1 22321 162.16
36 589004 1177.24
30 494907 1263.50
29 482820 1209.49
29 488620 1198.86
27 461205 1156.11
23 398655 1038.50
23 403255 1008.70
21 373116 971.91
19 339637 898.81
17 309010 827.27
16 293610 929.04
10 186086 801.41
7 133979 621.29
6 118201 534.72
4 82654 526.04
3 63781 394.55
2 43981 287.84
1 22210 162.88
128 14283 34.24
128 78409 12273.97
128 129992 10296.22
128 180877 9056.15
105 190792 7357.35
112 236806 7113.53
126 291792 6851.23
83 234034 5290.49
124 349192 6000.19
76 260034 4713.89
71 263927 4311.39
84 312372 4529.92
69 297642 3829.54
113 442692 4768.07
113 461192 4589.24
58 302803 3288.62
82 403150 3782.14
57 325764 3061.25
56 337145 2920.63
92 471192 3743.43
54 352145 2696.25
88 485992 3454.89
70 428457 3037.12
24 168178 2023.23
59 396399 2801.88
55 386099 2628.47
55 397099 2545.78
59 470458 2461.43
45 366887 2348.09
76 533761 2823.76
44 380787 2187.95
77 642398 2542.18
40 366387 2009.43
46 426768 2119.47
61 523490 2388.16
61 535690 2306.86
72 657637 2263.33
68 572752 2329.71
29 304598 1693.13
30 328356 1690.33
30 337356 1649.96
52 506674 1937.34
49 496121 2040.12
56 533552 2059.39
24 296003 1350.17
30 351853 1631.31
15 194162 1193.37
13 173579 1070.20
22 295472 1182.51
27 346363 1412.93
26 311816 1438.07
20 284672 1060.25
26 347208 251.86
32 433457 599.53
40 547617 1430.26
55 653055 1715.35
24 341565 1245.94
40 488217 1586.94
52 651336 1590.92
17 252195 967.95
16 241869 1094.58
13 201169 995.56
26 408073 1181.10
34 456417 1289.78
51 636266 1512.62
6 102146 561.45
43 530079 1547.79
28 329513 1552.38
46 648289 426.95
42 642995 1230.24
44 633584 1466.44
43 638199 1120.53
41 602830 1372.64
38 566181 1294.06
34 512719 1208.93
45 641376 1397.04
32 495693 1337.20
30 470960 1303.10
39 562405 1426.28
37 536752 1390.71
32 466676 1382.34
21 347788 981.88
21 351988 967.97
26 377841 1283.88
19 328157 900.32
21 318677 1131.67
20 312015 1078.19
6 109529 559.48
4 75529 500.12
13 219224 920.08
12 204289 856.12
11 195252 802.04
9 164890 732.24
6 105897 585.58
6 108897 567.51
4 70036 456.50
3 56192 397.43
1 22341 162.07
1 23141 161.18
1 23641 162.31
128 14435 60.23
126 77778 12078.93
121 122459 9975.98
121 170859 8641.93
121 207159 7901.91
111 232701 7052.57
100 241612 6277.31
99 269403 5935.51
107 311759 5698.03
105 337534 5281.40
96 337608 5022.28
84 321182 4372.18
73 300668 4069.20
70 316145 3750.10
69 319382 3708.19
68 334485 3429.90
53 281906 3080.90
65 352285 3386.89
61 336772 3263.49
77 432733 3419.59
50 320857 2587.30
60 385199 2890.10
42 286583 2508.80
47 330553 2617.01
56 398699 2573.60
25 205706 1779.96
41 321353 2228.30
45 351962 2360.01
1 9558 286.47
58 480973 2362.53
48 416382 1428.99
43 397872 2052.27
61 534681 2349.69
58 520252 2236.74
64 550164 2410.63
62 545564 2334.18
37 385492 1700.62
34 355521 1592.51
53 522740 1947.98
50 503640 1879.30
47 483139 1980.48
54 535080 1972.89
46 491439 1871.52
42 425414 1883.25
27 334971 1449.31
50 530764 1787.94
24 310071 1309.17
23 304171 1247.98
48 536086 1557.23
4 49761 659.32
36 425078 1531.88
32 434931 1494.80
28 391877 1349.82
51 612135 1660.04
23 332658 1208.01
51 627435 1612.15
24 351392 1206.68
19 255494 1095.90
49 625684 1576.14
17 261787 935.68
13 215622 926.87
9 143356 958.71
8 139312 696.74
46 642042 976.84
29 468217 1259.80
27 442439 1190.51
42 609175 1450.15
24 405982 1067.35
39 570326 1357.95
19 329981 910.18
35 525673 1263.33
9 164770 663.90
5 92374 516.41
5 94874 487.93
3 58699 341.79
2 39991 291.62
1 21621 162.73
1 0 161.46
22 370379 1018.56
20 336999 950.32
17 289529 829.61
15 259805 1011.93
14 248405 975.29
12 216535 842.07
8 147357 711.05
7 131891 607.62
5 96594 482.67
5 98594 477.93
5 101094 488.06
4 82906 476.86
3 64206 381.63
3 66006 379.08
2 45706 278.21
1 23301 163.11
1 23901 160.72
128 7994 103.27
128 78585 12215.17
123 125006 9925.46
126 178350 8904.17
120 206006 7854.55
117 235948 7089.90
99 239300 6378.31
111 290548 6167.89
94 283662 5465.37
122 373754 5659.69
91 320173 4870.26
120 415674 5193.56
86 345472 4315.59
76 328473 4064.00
114 463360 4704.14
71 342308 3635.95
82 395548 3695.55
73 381072 3507.21
108 525520 4019.77
52 308187 2809.41
68 389350 3115.68
47 302187 2820.51
69 422542 3029.01
97 559580 3542.62
53 372164 2534.36
34 259787 2005.04
60 427631 2677.23
51 393864 2293.16
30 259387 1967.71
30 268387 1921.34
46 387525 2296.22
50 406466 2173.27
80 589773 2841.62
16 165685 1412.62
18 191940 1182.22
14 157685 1256.37
45 415351 2129.91
11 133901 968.54
44 428113 1989.37
11 138391 955.95
9 121401 795.22
26 276439 1597.88
49 542353 664.45
59 547126 2188.35
58 549486 2131.97
13 179489 1035.95
13 184689 999.42
12 174450 955.25
32 378888 1632.53
10 154021 820.78
25 318917 1417.70
6 80981 669.43
38 482922 1455.66
21 315878 1073.73
32 419726 1525.18
14 214673 1055.18
48 571297 1710.68
30 414148 1422.77
29 400250 1418.70
7 118972 646.83
23 333464 1167.58
41 520063 1563.18
3 46527 491.40
45 596780 891.98
42 628258 80.21
43 578133 1539.35
43 582433 1516.37
42 640566 1198.51
38 530323 1383.64
35 497238 1287.73
35 504238 1266.71
37 586831 1227.51
33 487044 1396.16
30 491817 1262.01
28 465651 1220.37
22 373081 1036.05
24 368725 1147.04
19 333406 898.88
18 320128 860.84
15 267183 969.88
14 253497 933.26
16 263074 1033.82
15 252736 1020.80
7 138118 599.11
12 211216 851.97
4 82788 471.77
3 63697 385.43
2 44966 288.72
2 46366 282.47
1 22659 161.41
1 23459 160.15
5 100386 551.28
5 102886 554.96
5 105886 548.76
3 65106 445.81
2 44866 328.67
2 46266 284.24
2 47666 281.87
1 24626 271.83
1 25426 160.91
1 26226 159.02
1 27026 160.61
1 27826 157.36
1 28626 157.06
1 29426 156.02
1 29826 155.88
128 11648 27.16
121 74487 11799.56
127 129621 10193.17
127 179649 9082.14
106 190776 7401.85
121 241849 7245.84
115 266397 6785.63
111 290399 6265.71
98 286821 5627.33
96 306525 5343.44
95 330776 4957.36
86 319495 4594.10
90 361717 4405.39
75 325121 4018.73
83 375235 3901.99
86 405917 3873.89
74 371190 3630.65
100 481669 3834.16
67 369630 3196.43
52 306566 2827.22
62 373130 3120.37
54 330984 2870.51
58 378130 2863.16
63 417251 2940.99
54 379600 2549.47
50 351477 2405.65
39 308129 2113.84
62 466451 2643.59
80 545669 2980.61
63 486817 2624.77
61 483617 2519.28
46 401757 2229.12
58 517526 1568.94
69 532969 2470.37
53 463812 2165.10
51 456115 2046.30
51 466315 2027.92
48 475286 2041.99
48 458089 2138.27
57 556534 2042.06
56 505604 2152.89
53 489204 2026.52
40 440646 1702.59
34 384720 1502.14
50 533335 1762.26
46 461440 1986.05
32 384437 1649.87
43 484316 1755.93
42 481516 1707.53
41 478005 1658.50
36 426885 1530.52
32 362908 1585.34
17 223385 981.84
15 197211 1186.12
26 351522 699.72
23 317473 1257.74
47 653057 1569.27
44 590594 1557.07
21 307209 1084.00
43 618780 1468.59
17 257357 911.84
39 550570 1391.80
13 188270 1008.05
11 162541 878.74
2 30548 454.65
28 437323 783.00
43 629715 1405.67
24 383990 1107.81
42 645358 1185.64
42 648873 1179.47
21 352017 986.14
21 356217 974.62
41 654513 1294.26
20 349799 921.34
14 248510 940.21
13 234977 902.98
13 238877 870.91
38 638486 1186.19
5 97242 516.87
38 647027 1174.31
3 61353 389.12
3 63153 384.49
2 43786 288.35
37 641512 1147.29
37 644432 1147.41
37 646645 887.45
36 633145 1129.61
35 620392 1099.73
33 590607 1162.80
32 576407 1178.43
31 562007 1174.28
30 546254 1144.63
30 549254 1140.09
29 533326 1102.94
28 519489 1095.56
27 503160 1065.65
25 467687 1003.55
25 470187 991.82
25 472687 990.07
25 475187 985.13
24 459087 966.14
24 461487 966.25
24 463887 956.80
24 466287 949.14
23 447770 937.91
21 412590 903.22
21 414690 869.09
21 416790 861.49
21 418890 860.52
20 401240 846.61
20 403240 843.51
20 405240 836.81
19 388913 819.60
19 390813 803.48
18 371354 796.93
17 354545 753.68
16 335934 767.65
16 337534 894.93
15 317586 895.86
14 300122 831.10
14 301522 822.24
14 302922 819.80
13 282371 802.47
12 261746 742.10
12 262946 736.03
10 222063 673.07
10 223063 637.32
9 201608 599.71
9 202508 575.79
8 181748 632.07
7 159914 564.03
7 160614 551.06
6 138530 536.34
6 139130 476.00
6 139730 474.76
6 140330 473.60
6 140930 472.66
6 141530 471.45
6 142130 470.43
5 118298 475.86
5 118798 514.69
5 119298 516.03
5 119798 513.74
5 120298 491.52
5 120798 515.58
5 121298 510.65
5 121798 512.42
5 97842 485.93
4 98242 452.26
4 98642 449.53
4 99042 447.34
4 99442 446.76
4 99842 452.95
4 100242 447.25
4 100642 446.58
3 75930 420.76
2 49985 320.25
2 50185 278.20
2 50385 277.71
1 24782 168.80
1 24882 164.44
1 24982 160.49
1 25082 160.26
1 25182 159.38
1 25282 159.35
1 25382 159.26
1 25482 159.18
1 25582 160.32
1 25682 159.21
1 25782 161.72
1 25882 159.14
1 25982 159.12
1 26082 159.06
1 26182 159.03
1 26282 158.93
1 26382 159.26
1 26482 162.07
1 26582 158.76
1 26682 158.75
1 26782 158.69
1 26882 158.60
1 26982 157.92
1 27082 157.87
1 27182 157.84
1 27282 157.73
1 27382 157.69
1 27482 157.84
1 27582 157.61
1 27682 157.59
1 27782 160.49
1 27882 157.49
1 27982 157.48
128 14497 67.12
128 78921 12184.85
127 129121 10282.57
125 177121 8836.57
103 186826 7371.06
108 228467 6891.72
100 241260 6201.71
91 255959 5576.87
100 301216 5408.32
111 345651 5591.23
80 289115 4716.39
92 338128 4759.33
93 364372 4551.14
70 316048 3765.27
67 315905 3509.48
58 291313 3398.17
55 292813 3162.33
74 386140 3560.23
81 414651 3613.96
40 249058 2556.11
57 359960 2833.02
68 416140 3006.52
73 439551 3142.17
58 384235 2798.77
63 429425 2887.89
28 227594 1947.40
52 381035 2406.76
23 203095 1611.21
66 496154 2720.76
63 461456 2741.92
21 204296 1463.36
61 495254 2505.44
18 189569 1198.82
19 203896 1229.47
46 401364 2205.44
16 184569 1342.10
20 188333 1696.89
43 405288 2010.14
50 515918 1362.31
31 355011 1662.71
42 449021 1811.48
44 472726 1857.44
41 423387 1859.26
24 302096 1323.36
30 336607 1645.91
43 495429 1478.88
43 526643 676.95
54 633228 1573.28
46 576394 1676.40
44 559747 1613.19
41 531944 1552.08
25 306679 1410.42
49 611560 1706.52
42 524231 1590.08
16 209491 1153.83
38 490231 1451.38
35 458423 1372.39
31 446163 1401.99
33 445660 1441.16
13 194211 990.73
27 407018 1275.65
10 163105 867.22
7 111530 768.56
44 641215 359.07
44 645615 1453.53
43 642626 1417.00
39 575216 1376.96
42 639299 1189.13
36 555783 1240.83
33 509623 1218.12
29 454103 1303.08
28 444234 1226.06
38 611365 1244.38
36 583518 1202.59
25 414436 1111.80
25 419436 1103.23
30 505280 1244.15
28 474972 1181.85
19 331687 900.77
18 318774 860.69
24 423832 1031.64
22 392893 970.08
20 361087 927.93
9 172439 699.24
7 137534 602.37
14 263538 918.09
12 229170 809.79
3 60924 389.60
1 21189 189.39
7 141180 673.12
1 22789 161.45
1 23589 160.09
5 108228 535.57
5 110728 475.82
3 67312 379.01
1 23689 160.34
1 24389 161.16
128 14271 39.71
124 75731 12133.29
126 127675 10332.96
124 175398 8818.89
105 190364 7433.87
106 224328 6840.67
101 244128 6208.88
89 250564 5513.73
85 264797 5075.86
89 295184 4975.12
76 282414 4498.06
88 327239 4570.58
109 415861 4768.12
93 382580 4474.01
67 322689 3507.47
61 312073 3462.05
46 254409 3067.47
80 409395 3750.95
75 406530 3422.43
41 267810 2499.25
36 246021 2234.50
35 249721 2152.59
32 237779 2283.83
74 467432 3058.62
73 475732 2961.59
73 490332 2897.90
52 375536 2465.40
14 116553 1484.61
8 76171 1397.32
63 505280 2546.57
72 536760 2614.04
71 566007 2529.89
69 570208 2402.98
47 419772 2204.06
60 541503 2268.98
57 526203 2152.55
70 638370 2220.57
59 517188 2264.36
39 394007 1815.04
46 444726 2055.54
43 424309 1945.88
33 357377 1601.47
59 586699 2070.29
39 413609 1793.53
38 420704 1685.18
51 521548 1816.99
30 338289 1664.39
49 532799 1827.59
50 561289 1712.44
30 368455 1558.68
49 545248 1874.34
19 260567 1062.30
47 562089 1744.82
19 222849 1289.64
44 540800 1653.53
34 431777 1383.64
48 652845 1608.66
28 372086 1424.04
34 448485 1337.67
27 372086 1354.49
26 360956 1317.51
25 355438 1244.18
20 278734 1142.92
15 213580 1189.04
14 204980 1066.01
22 333685 1099.70
45 641574 1505.10
45 643211 1345.74
44 634882 1205.21
36 559820 1253.62
33 518533 1260.79
32 507544 1311.94
28 449519 1244.55
43 647709 1221.86
25 411350 1104.10
23 386906 1029.07
42 649083 1195.70
19 325501 918.69
40 637744 1331.23
14 249161 933.61
11 200321 803.24
36 580321 1210.79
5 97367 539.58
4 79575 476.58
1 22271 161.62
1 23071 161.23
23 394244 1033.74
1 24671 164.30
16 279750 999.03
14 246193 939.63
13 231830 895.48
12 216230 854.72
10 185102 729.57
7 129224 630.29
4 75089 488.26
3 58788 389.95
3 60588 392.97
1 21444 191.69
128 14883 30.74
128 79346 11966.84
127 129546 10122.64
126 178567 8899.91
123 211646 7920.74
122 246546 7169.38
106 256534 6294.35
119 311141 6220.39
108 314843 5759.09
110 343167 5583.19
96 337998 4977.00
100 361525 4759.72
92 369998 4479.44
94 387180 4456.03
101 435888 4245.34
94 424853 4204.46
105 484741 4099.74
103 496086 3964.27
63 341920 3380.50
84 454787 3427.87
83 465987 3324.07
90 514493 3420.82
90 532493 3289.08
84 506296 3136.57
81 504496 3193.75
87 558293 3054.97
83 549293 2915.58
64 456145 2792.70
64 468945 2741.31
64 475336 2717.43
85 605145 2815.08
67 530857 2393.20
72 555739 2559.30
41 378552 1972.02
67 564357 2294.42
65 560557 2410.43
65 548296 2429.94
69 574282 2393.19
43 405759 2021.48
34 361637 1573.65
62 590557 2190.20
44 437336 1995.78
54 515098 2029.11
51 495988 1927.43
57 582782 1982.48
26 318437 1447.90
29 331868 1610.89
55 589882 1873.84
24 313237 1282.20
29 343175 1582.97
41 456234 1768.64
22 304837 1159.19
27 341175 1428.12
45 523054 1731.60
42 496654 1636.80
39 469054 1577.56
35 428002 1460.82
42 532145 1373.89
36 513167 1330.65
28 386958 1372.05
31 408063 1491.00
30 400963 1452.26
30 451052 1329.37
31 411945 1515.10
24 357528 1166.51
25 393997 1150.80
26 373304 1263.07
21 300793 1134.31
20 327001 1005.33
21 311293 1071.58
17 261225 879.88
7 112449 683.00
6 95230 576.93
23 361421 750.72
20 330121 962.54
20 324410 992.22
15 257126 981.49
10 181554 795.71
23 389237 476.23
3 51633 458.01
24 413594 1042.81
20 347683 941.62
18 315743 839.28
17 316872 785.79
15 281665 948.62
14 258692 916.80
13 254229 844.55
13 258129 837.55
1 19938 163.81
1 20738 165.05
8 168759 626.83
5 109451 488.96
4 90947 470.86
3 71209 324.07
3 72709 320.80
3 74209 319.56
2 52042 276.08
1 26803 157.02
128 9804 47.72
128 78817 12251.30
128 130017 10382.23
126 178417 9003.40
125 214517 8080.26
120 242017 7248.00
103 244918 6368.22
117 305677 6179.72
108 314658 5767.53
84 275564 4865.85
107 365258 5172.22
105 378164 4902.03
109 415677 4834.72
97 399158 4581.14
87 384381 4071.27
61 303920 3520.80
81 390500 3862.78
79 403872 3728.94
87 445090 3703.27
79 426760 3583.20
79 442560 3477.30
72 432951 3113.46
69 429087 2984.36
76 480094 3128.61
61 409680 2870.28
71 476994 2882.71
62 441118 2742.43
62 435192 2815.99
63 461194 2715.11
36 316223 1874.45
68 517100 2508.95
45 374370 2284.42
48 404462 2338.33
41 361590 2086.84
48 409149 2316.42
45 410762 2125.56
1 11204 171.61
53 496260 2050.86
58 556412 2096.32
56 548812 2038.94
55 546470 1993.50
55 536031 2026.02
47 480589 1989.35
46 479789 1926.19
37 411646 1661.63
42 459658 1771.67
51 543487 1791.01
41 464691 1702.71
45 498540 1819.92
43 485302 1767.80
32 400659 1586.39
39 456513 1612.47
28 364564 1453.89
28 356536 1438.18
27 364489 1382.83
24 318479 1268.13
23 308275 1223.85
23 325015 1225.02
1 14184 183.03
31 446405 1410.70
16 235552 1115.38
38 526332 1371.31
37 519528 1337.34
7 110246 797.98
44 638798 605.67
43 622711 1261.74
44 651998 1438.31
42 623792 1396.04
42 627916 1073.47
42 643175 1187.12
40 613363 1166.92
40 621363 1314.02
39 615738 1288.70
39 618383 1287.90
37 594423 1212.01
33 535004 1176.82
32 524792 1282.32
29 481786 1236.53
30 498900 1256.33
28 470900 1190.44
27 459279 1137.86
26 429025 1102.46
22 381748 1009.20
21 369651 947.25
16 294421 988.95
14 261031 914.22
16 292665 983.96
15 278395 940.45
12 225517 833.81
12 239482 786.90
9 182872 631.38
8 158786 676.97
6 129894 494.26
6 124089 517.18
4 89794 462.64
3 64562 383.97
2 48111 282.79
1 24439 160.65
1 25239 159.38
128 12480 119.45
128 78957 12190.19
127 129157 10295.59
128 181052 9035.96
126 216052 8118.55
108 228498 6917.78
108 259088 6459.81
101 274298 5757.96
103 300343 5557.43
105 335813 5301.73
113 374752 5388.37
83 317490 4346.98
86 345531 4339.15
69 311911 3723.10
101 425761 4337.39
99 437452 4351.79
61 324451 3354.52
61 342751 3234.45
57 320648 3092.45
58 354861 2930.55
77 447780 3349.56
77 440456 3407.35
76 444059 3273.56
54 373789 2587.88
52 380533 2402.16
42 311548 2397.58
50 381189 2277.11
62 435393 2795.73
42 345148 2166.65
61 463683 2627.48
61 475883 2560.48
44 396933 2106.85
37 337625 1850.10
43 362490 2186.44
38 369533 1834.28
39 348399 1988.13
62 534485 2380.75
61 538085 2311.27
27 303283 1537.22
33 327952 1892.18
31 317455 1812.50
19 226658 1194.22
25 293377 1410.37
56 555685 2003.61
32 403557 573.80
37 459769 832.17
37 419120 1596.57
55 584285 1893.54
36 468769 1359.00
17 219070 993.10
54 600685 1801.36
11 149095 931.40
32 442382 1230.39
5 65653 746.63
29 409621 1362.86
36 521303 1277.96
28 406977 1303.26
24 356023 1157.59
50 621692 1580.99
22 337133 1067.83
24 337725 1250.16
31 484172 1329.10
49 640926 1671.99
23 371261 1078.52
6 96442 825.98
48 651835 1612.96
47 640858 1416.70
35 573352 206.40
47 650258 1574.49
46 645711 1544.00
32 539395 1247.45
45 646858 1285.21
27 469096 1121.18
25 439112 1076.82
43 640645 1239.55
22 395616 948.41
19 348059 847.19
18 333488 800.57
42 651469 1356.10
17 323107 747.02
39 615095 1127.49
17 331607 730.20
17 335007 725.12
17 338407 719.25
17 341807 713.67
13 265216 804.49
13 269116 797.72
11 230945 732.26
25 436258 1070.13
10 216708 642.98
10 219708 637.14
8 178352 590.07
16 293016 862.14
14 258452 920.30
13 244052 861.96
10 190653 695.73
10 193653 689.17
10 197653 680.51
8 160585 615.74
7 143267 583.41
6 125658 496.17
6 128058 497.47
3 65836 381.46
2 45336 285.72
1 23036 187.50
128 14299 38.50
128 78872 12180.90
128 130072 10335.04
128 181272 8988.72
113 204856 7703.41
109 230724 6975.63
103 248767 6272.45
103 279924 5866.02
93 280567 5398.64
111 345630 5558.46
92 323573 4878.60
83 308630 4481.62
79 317530 4377.93
103 413530 4491.30
85 379614 3959.59
64 314933 3642.85
92 433838 3960.01
66 351330 3503.87
84 429838 3583.62
57 343303 2962.95
49 300239 2696.07
47 302139 2811.45
35 235687 2220.46
60 397309 2859.91
32 237987 2260.89
64 449495 2829.47
57 417409 2558.18
38 308619 2051.20
31 264442 2019.47
44 340067 2372.44
35 312319 1832.16
51 424708 2166.43
39 332767 2018.84
43 388768 1343.16
33 298267 1779.43
42 400868 1989.54
28 270067 1739.81
45 437129 2020.96
50 530412 1792.78
48 518337 1908.23
45 495559 1860.54
12 136552 1114.46
30 337180 1681.40
10 122878 882.91
45 488167 1867.31
44 486167 1812.99
32 371572 1651.28
44 503767 1770.56
3 44855 419.53
26 327982 754.58
21 269340 1272.36
52 646190 1617.80
19 255272 1079.39
50 636402 1555.55
31 429761 1449.90
50 649858 1518.48
32 437144 1468.41
15 194937 1324.10
45 617868 489.69
45 634521 1356.88
45 634706 1514.91
45 642480 1498.15
44 630431 1311.31
44 637085 1302.83
43 629131 1452.82
44 652083 1442.05
43 639241 1426.38
43 649589 1220.84
42 631967 1087.22
40 620079 1330.95
39 597254 1307.92
37 573696 1251.66
36 576313 1220.52
35 554623 1209.79
33 530529 1168.20
27 448052 1159.25
26 436681 1118.26
24 409102 1052.88
21 363801 967.54
18 316013 867.11
21 364032 962.04
15 271610 957.60
20 355186 913.04
19 340980 876.81
11 208864 777.62
10 191799 706.70
11 211062 761.13
9 176227 687.73
6 120993 519.66
5 103777 544.42
6 125793 502.49
5 106076 463.70
4 89600 465.75
2 45867 289.29
2 46163 282.33
1 24441 161.86
1 25241 159.44
1 26041 159.07
1 26841 158.77
1 27641 157.50
128 14230 214.34
124 76531 11889.05
127 129117 10241.08
121 171015 8646.30
119 204417 7830.04
105 222378 6786.46
112 270068 6650.58
97 263885 5959.25
100 292117 5458.06
96 308650 5281.39
112 370974 5390.62
91 338785 4653.13
84 337990 4228.59
96 385388 4611.87
75 338848 3910.31
74 349148 3764.22
81 398130 3859.22
86 422741 3763.14
67 370067 3174.84
75 422017 3317.91
73 425218 3221.87
63 391889 3072.29
74 445217 3212.54
60 403508 2812.46
61 416678 2804.54
47 334826 2592.82
46 341503 2489.77
58 430248 2604.52
56 432765 2441.35
56 426612 2468.56
67 530695 2421.75
55 440904 2347.32
35 315892 1803.70
63 530861 2417.92
41 373289 1949.91
30 294913 1841.33
27 273573 1674.08
26 271273 1574.63
16 171700 1275.97
65 639182 1634.04
61 593361 2118.75
34 371889 1525.96
59 618680 1988.48
59 603461 2003.80
33 383939 1614.63
62 642086 2046.75
32 388339 1611.93
53 591835 1768.62
52 596594 1705.85
24 310597 1284.57
57 643850 1666.79
22 295666 1177.40
51 598198 1648.36
42 521905 1591.20
39 493595 1502.87
37 475595 1441.67
9 136320 714.37
51 638523 1321.18
36 479641 1055.62
50 643685 1257.32
46 603890 1630.33
49 641380 1647.14
49 644719 1324.08
32 461906 1437.15
40 548282 1446.07
38 527866 1392.01
25 379477 1178.59
23 353677 1111.54
19 299187 986.26
43 616100 1432.46
31 463711 1361.44
42 614268 1415.50
45 641432 1017.25
3 52960 412.57
29 431497 1338.35
44 637298 1451.22
41 631921 708.01
43 637561 1220.39
39 610751 1278.56
35 570181 1188.94
34 557711 1146.41
42 647456 1337.73
26 439797 1122.02
25 428011 1082.08
25 433011 1067.75
24 421267 1040.76
21 369752 958.39
20 357752 937.57
19 344225 884.04
18 330053 851.85
15 279343 959.85
38 629883 1196.08
13 252287 869.69
13 256187 833.76
33 564306 1178.96
29 503009 1155.47
9 183598 621.79
26 461341 1073.56
7 149344 682.40
7 152144 562.15
6 132344 492.98
5 111882 475.80
5 114382 465.17
5 116882 518.05
4 95337 454.67
6 119600 585.52
2 51478 281.99
2 52678 277.60
3 64378 357.27
1 27729 157.72
1 28529 157.47
1 24463 160.61
1 25263 159.39
1 26063 159.18
1 26863 158.78
1 27563 157.98
1 28363 157.40
1 28463 157.26
128 14146 29.24
128 79036 12125.48
128 130129 10330.36
126 178175 8915.49
101 183053 7195.38
103 217527 6832.27
117 271229 6700.45
64 186902 4942.96
107 311646 5694.63
57 206335 4024.98
83 300188 4513.49
83 324855 4268.58
52 240220 3324.70
64 288970 3858.96
62 298498 3636.46
48 269820 3085.53
74 364307 2655.63
71 363817 3478.64
62 336507 3355.86
51 301950 2766.97
43 306155 2440.60
34 235260 2126.59
62 392442 2999.71
62 404717 2959.51
44 309580 2512.29
45 338476 2464.45
55 397507 2562.45
55 408507 2486.52
18 169552 1352.19
62 508788 2460.55
46 408840 2233.35
52 432996 2212.92
42 394108 2035.37
56 499310 2206.61
44 397102 2120.90
24 248361 1518.21
33 341650 1837.34
40 389102 1875.37
52 514228 1888.44
21 241873 1417.59
7 84239 936.31
42 483110 1707.60
40 467419 1650.39
55 593895 1871.61
55 604895 1843.59
44 492742 1777.04
33 413420 1608.62
51 587595 1700.56
29 377145 1465.37
41 504508 1579.10
27 363058 1362.12
36 458106 1444.42
24 334531 1228.52
30 396535 1487.37
28 376535 1398.14
26 358209 1298.60
1 15612 435.04
8 85948 867.93
46 642252 1374.03
29 419260 1365.75
45 639092 1332.96
24 345150 1172.41
44 637810 1484.96
19 295392 1010.46
16 255449 1067.60
44 659810 1431.73
14 232582 980.24
43 651440 1401.42
11 191661 839.05
7 124775 629.66
7 128275 619.62
5 93417 528.12
4 77693 483.69
1 19358 260.88
1 20158 163.84
1 21058 163.37
1 21858 162.19
1 22658 166.31
1 23458 160.79
1 24258 160.45
1 25058 159.71
26 462296 1092.91
25 449907 1055.66
23 418541 1021.04
22 404125 962.88
19 356317 880.34
17 323317 840.34
14 268846 918.99
12 232805 811.72
10 196487 699.71
7 140910 678.43
5 101608 558.39
5 104108 554.67
4 85856 479.46
2 43127 286.80
1 23044 163.56
1 23844 159.01
1 24444 161.17
128 14212 54.15
128 78655 12160.63
128 129855 10333.53
126 178255 8927.06
118 202364 7867.39
108 228265 6940.60
109 262933 6533.53
101 274243 5812.89
95 277144 5550.52
90 286444 5068.92
90 307450 4956.61
94 340083 4833.66
81 325258 4332.93
108 433519 4656.19
71 320950 3788.48
87 401786 3942.61
76 381358 3682.50
65 352513 3379.48
56 314996 3049.94
71 406023 3228.22
76 434786 3372.27
74 438186 3233.31
77 471107 3223.62
28 205393 2163.79
32 237861 2248.04
43 323780 2338.51
29 235961 2008.82
20 176993 1447.47
38 316680 2019.98
17 162184 1186.11
37 326880 1878.77
21 206432 1410.40
48 404309 2340.00
13 147471 1159.99
73 570820 2596.75
43 401034 2059.77
55 521989 2057.57
49 474185 1943.21
69 587920 2364.89
30 362548 1558.61
40 419758 1790.27
66 595420 2360.57
25 322710 1316.87
36 389109 1612.70
42 448522 1836.02
29 325599 1673.68
60 595420 2100.88
13 163471 1150.72
6 88791 684.13
50 613898 384.12
50 531370 1796.13
49 530570 1944.16
46 507370 1885.91
45 505370 1834.57
42 552760 1515.62
41 476863 1678.86
41 485063 1647.75
40 481263 1601.28
40 552329 1435.64
37 460063 1464.98
36 454781 1450.26
35 449181 1387.89
35 456181 1348.29
25 368048 1215.34
25 373048 1201.52
25 343415 1263.73
13 208992 935.56
15 213511 1019.84
38 578995 656.02
41 636129 277.19
41 642965 1316.49
41 645789 1154.74
36 574180 1221.73
35 561763 1174.66
35 568763 1156.39
35 575763 1145.41
33 551025 1255.04
30 490316 1231.82
28 477777 1191.04
25 431394 1086.34
24 420045 1042.95
21 371794 946.12
34 584745 1101.60
19 346348 862.56
19 350148 852.23
19 353948 849.76
26 465044 1073.07
19 363448 834.94
18 346053 801.70
15 291718 928.60
12 237120 836.02
20 381312 868.69
9 185094 619.20
9 187794 611.70
7 148922 642.07
7 151722 576.62
17 344173 750.77
4 92523 468.83
4 94523 465.25
2 47943 344.18
2 49343 278.31
2 50743 277.45
1 26329 157.20
1 27129 160.08
6 135302 547.62
4 91954 461.44
3 71035 371.58
2 48735 281.37
2 50135 279.04
1 26053 163.04
1 26853 158.45
128 14171 190.61
128 78978 12203.61
127 129451 10183.16
128 180928 8963.29
107 193982 7492.31
103 217806 6802.40
104 241378 6580.93
100 262178 5900.75
95 277678 5664.13
74 252777 4658.21
82 296560 4744.89
77 301660 4372.24
101 385528 4623.64
59 267577 3710.61
81 373723 4033.73
54 277477 3186.92
66 344202 3544.68
72 382723 3469.65
90 460728 3692.19
90 478728 3579.21
99 546378 3671.08
61 385274 3010.24
55 364812 2698.69
47 344865 2547.74
29 241389 1983.64
55 408065 2047.15
80 529728 3034.18
92 618229 3053.97
43 350112 2253.75
42 350412 2184.97
87 628229 2816.57
71 534228 2581.27
69 533028 2489.43
58 489870 2319.09
56 492570 2214.53
56 503770 2169.00
70 650537 2206.06
51 477653 1943.92
30 319652 1725.26
62 559662 2258.27
44 473550 1865.18
49 498253 2034.28
46 477153 1990.81
25 301566 1418.35
52 516176 1912.33
67 644507 2074.04
41 458227 1718.67
55 610929 1838.87
17 228566 950.54
33 421004 1576.99
52 604229 1700.64
33 405376 1635.01
33 444104 1516.88
50 604922 1606.05
35 466570 596.23
41 550232 816.53
51 635819 1602.18
46 638687 1390.63
55 628823 1273.09
41 583470 1476.07
39 564383 1369.34
28 407381 1314.92
39 576083 1357.12
25 376184 1198.97
47 646558 1419.94
51 634253 1655.21
17 269018 916.38
29 461393 1267.28
29 467193 1245.93
10 169541 755.56
7 120372 636.30
6 106954 548.66
43 640473 1409.34
4 74434 493.94
3 58054 394.55
3 59854 392.60
3 61954 385.88
23 419767 976.80
1 21887 163.02
34 585978 302.83
37 632017 736.13
42 650625 1324.39
37 639831 1153.85
41 646251 1293.71
41 650351 1288.00
41 658551 1276.83
40 647038 1264.77
36 641201 969.89
36 644801 1102.19
38 638313 1189.29
37 646233 1046.65
39 650225 820.34
37 639235 1073.29
39 645323 1267.36
32 562911 1188.03
38 646378 1223.36
29 516856 1145.25
28 501856 1125.44
38 641238 1086.15
26 478651 1049.88
24 448497 1007.26
23 439025 947.73
37 640872 1070.52
22 429280 906.42
37 644735 1064.06
16 316666 832.14
16 319866 894.59
15 303150 874.50
33 571410 1169.65
29 497026 1190.97
10 215474 655.06
7 151124 570.93
6 132126 484.58
6 134526 480.35
4 90775 505.64
4 93175 460.85
4 95575 457.18
3 73511 369.71
3 75311 365.48
18 330743 936.98
2 52645 276.59
1 27177 157.56
9 169025 701.87
8 155066 642.46
8 158266 635.54
7 142941 561.76
5 98619 572.09
4 81526 420.21
4 83526 413.81
4 85926 408.87
3 67479 379.06
3 69279 381.24
3 70779 350.82
2 50158 277.15
2 51558 274.95
2 52958 274.26
2 54358 272.05
2 55758 270.89
1 24130 159.74
128 14293 414.13
128 78770 12256.21
127 129181 10228.94
126 178370 8899.92
121 207881 7869.14
102 213701 6797.77
99 239266 6267.99
109 285581 6137.65
71 221701 4841.75
98 315063 5368.16
94 321781 5029.08
62 255732 4008.15
103 403155 4654.20
56 258882 3491.50
54 265882 3260.27
53 276882 3094.86
89 428726 3905.55
57 303913 3193.47
43 263252 2729.96
37 237653 2476.01
49 300622 2747.51
86 491696 3306.44
82 485296 3351.16
71 448650 3027.92
30 249871 2019.64
84 547315 2991.29
60 439593 2647.13
60 433350 2690.61
58 430550 2606.07
19 188873 1292.66
48 395193 2390.10
22 214503 1466.72
14 156117 1238.23
13 150217 1152.10
46 428954 2117.39
20 220815 1257.76
6 58933 807.85
48 492366 1064.89
37 363719 1776.12
45 477031 1891.82
39 435141 1659.37
33 347619 1674.76
29 356221 1495.32
51 500951 1918.23
29 370721 1459.80
32 392605 1607.46
25 298451 1447.62
28 357514 1456.01
43 461447 1846.50
27 359335 1346.52
42 467547 1736.80
33 446157 1223.04
44 516847 1733.82
43 513947 1706.02
41 498747 1626.24
25 366317 1284.56
24 354517 1232.03
31 395311 1492.95
38 554806 1318.56
27 358487 1416.72
16 255871 1005.30
24 331407 1228.97
5 79329 807.92
6 75105 670.18
44 626362 1147.59
42 647356 1345.01
43 642127 1423.42
41 624453 1190.33
41 638395 1038.72
36 568086 1214.05
36 564450 1239.84
35 563341 1161.92
28 444129 1242.35
28 449729 1219.72
26 424529 1178.93
27 455212 1153.16
24 405729 1083.93
23 394429 1040.38
23 406445 1003.45
21 377307 940.61
20 352683 927.31
19 339683 890.72
17 316826 792.84
16 303511 955.26
15 287665 926.39
14 273232 892.96
13 258845 821.29
13 262745 813.48
13 256612 838.06
10 197259 734.36
9 180946 615.58
9 183646 610.02
7 146353 588.04
9 203569 590.56
5 110432 532.15
5 118925 456.61
2 45983 284.23
1 24100 162.06
1 26176 214.51
1 26276 158.35
128 14726 32.18
128 79040 12048.14
124 125625 10135.46
116 164025 8556.75
122 209237 8053.97
96 230240 6211.08
98 236825 6377.44
108 314748 5742.63
103 300537 5639.46
85 281845 4895.45
102 348371 5056.99
94 368160 4652.12
81 333568 4354.78
81 341875 4201.11
83 374915 3898.77
78 368275 3879.91
89 437797 3868.63
56 309365 3090.64
66 371078 3225.92
60 361311 3099.60
55 336978 2910.17
66 404182 3023.27
39 293471 2188.24
51 358311 2485.64
42 303428 2405.30
47 353811 2534.76
72 498208 2825.51
71 505508 2732.57
34 283114 1864.92
54 428123 2342.23
8 72162 1190.25
6 61534 1159.61
41 349948 2093.26
70 583866 2414.51
40 361448 1972.96
37 375988 1740.54
50 471329 1949.05
50 481329 1894.18
63 583799 2217.88
35 358373 1639.45
29 326869 1615.53
29 335569 1591.54
59 586921 2072.73
33 370928 1731.88
40 445576 1702.19
25 318120 1339.53
54 576129 1886.80
23 302214 1238.49
17 228578 1077.19
15 209309 1062.19
48 625447 329.73
37 475261 1445.42
47 553769 1767.49
44 558644 1625.81
32 428331 1517.27
32 434731 1485.13
30 415908 1417.31
37 526672 1328.13
38 513622 1432.07
28 408708 1313.68
33 462230 1384.18
29 408226 1397.31
28 385140 1407.76
27 393000 1291.55
25 357440 1240.56
24 362293 1181.24
16 262059 912.12
15 249901 1015.02
23 382803 1040.78
13 203304 971.29
9 154274 755.97
8 131654 714.82
28 468052 190.55
26 450682 1122.66
22 378087 1000.22
21 363829 968.20
24 430815 1019.16
23 416624 988.15
15 266679 940.09
15 271179 951.45
14 258810 917.93
13 244338 863.89
13 250829 865.37
11 214498 791.52
11 217798 745.69
8 163237 624.05
7 143733 617.17
4 83233 472.90
5 107244 533.53
2 43730 288.62
2 44869 288.02
2 46269 284.92
2 47669 282.51
1 24324 160.71
1 25124 159.26
1 25924 158.56
1 26724 158.22
1 27524 157.24
1 27624 156.97
